#1
double tab1(69, 5)
0.0 2.5670900000000003 0.0 0.0 0 
11.9403 3.46481 10.438762474874933 2.3096200000000002 0 
17.9104 4.23456 15.6581 3.8868601061472567 0 
17.9105 7.3150699999999995 15.658155892041583 3.8868865251369913 0 
20.8955 15.7863 17.32653333333333 4.6754933687157525 0 
20.8956 21.1772 17.326589225374917 4.675519787705488 0 
20.8957 27.2099 17.3266451174165 4.675546206695222 0 
20.8958 34.6544 17.326701009458088 4.675572625684957 0 
20.8959 40.8155 17.32675690149967 4.675599044674691 0 
23.8806 45.43600000000001 18.994966666666667 5.464126631284248 0 
23.8807 52.7523 18.99502255870825 5.464153050273983 0 
26.8657 55.4475 20.6634 6.252759893852744 0 
26.8658 57.8863 20.663449443057903 6.252786312842478 0 
29.8507 60.9666 22.139275278471047 7.041366737431504 0 
32.8358 62.2499 23.6152 7.83 0 
35.8209 64.3034 24.577658060517745 8.236668937215601 0 
38.806 66.1002 25.540116121035485 8.6433378744312 0 
44.7761 67.5117 27.465 9.456662125568801 0 
50.7463 68.7949 29.00490859774992 10.27 0 
53.7313 70.0782 29.774837103375113 10.622166151604231 0 
59.7015 71.233 31.314745701125037 11.326522050534743 0 
62.6866 71.61790429806146 32.0847 11.6787 0 
68.6567 72.3877 33.419175529470095 12.383044101069487 0 
74.6269 73.1574 34.753673411589716 13.0874 0 
77.6119 73.41389570358956 35.4209 13.37891750664665 0 
80.597 73.6704 35.89561840970685 13.67044477937392 0 
92.5373 74.5682 37.79447614560268 14.836544104202387 0 
107.463 75.4657 40.1681 16.2942 0 
122.38799999999999 76.2349 42.275799564499536 17.51838998964551 0 
140.299 76.78381866385911 44.805180261300286 18.9875 0 
143.284 76.8753 45.22672017420019 19.2868 0 
149.254 76.9391 46.0698 19.885399999999997 0 
155.224 77.0029 47.019239999999996 20.483999999999998 0 
170.149 76.8736 49.39284 21.9805 0 
176.11900000000003 76.72652132465544 50.34228 22.5791 0 
179.104 76.65298198698315 50.817 23.000622683767226 0 
191.045 76.3588 53.31006090639356 24.686854632465543 0 
197.015 75.99904000000001 54.55648696879785 25.5299 0 
200.0 75.81916 55.1797 26.043128571428575 0 
205.97 75.4594 56.426126062404286 27.069585714285715 0 
217.91 74.6885 58.918978187212865 29.1225 0 
220.896 74.43153545766687 59.5424 29.571675355926523 0 
229.851 73.6609 61.5955 30.91875014237061 0 
235.821 73.0615 62.96423333333334 31.8168 0 
238.80599999999998 72.7618 63.6486 32.7151 0 
244.77599999999998 71.8629 65.65056 34.5117 0 
253.731 70.7072 68.6535 37.206599999999995 0 
256.716 70.06519999999999 69.38060940204343 38.1049 0 
259.70099999999996 69.4232 70.10771880408686 38.78922845737255 0 
265.672 68.6527 71.56218119591314 40.15811462788231 0 
271.642 68.05336666666666 73.0164 41.526771542627436 0 
274.627 67.7537 74.33185 42.2111 0 
280.597 66.5981 76.96275 43.537033333333326 0 
283.582 65.89195000000001 78.2782 44.199999999999996 0 
286.567 65.1858 79.27918 44.86296666666666 0 
292.53700000000003 64.24413333333332 81.28114000000001 46.1889 0 
295.522 63.7733 82.28212 47.16413465764437 0 
298.507 63.13145751130464 83.2831 48.139369315288754 0 
301.493 62.4894 84.6951546687882 49.11493068471124 0 
307.46299999999997 61.20546666666667 87.5183182229294 51.0654 0 
310.448 60.5635 88.9299 52.220425 0 
316.418 59.4079 92.18116666666667 54.530474999999996 0 
319.403 59.129616666666664 93.8068 55.6855 0 
328.358 58.29476666666667 96.88674999999999 60.1773 0 
334.32800000000003 57.7382 98.94005 58.3799 0 
337.31300000000005 57.738006258113145 99.9667 58.37971250785143 0 
382.09 57.7351 99.96604871758173 58.3769 1 
382.091 60.3022 99.9660487030367 58.376942914572865 1 
385.075 60.56362488405482 99.96600530069317 58.505 1 
double tab2(6, 4)
2.1239813712496396 60.56362488405482 99.96600530069317 58.505 
36.18138470853879 100.31448750706983 99.95940577363847 58.7326 
36.405441140569685 100.57600000000001 99.95936235674992 58.8790312026409 
98.69455540000108 100.523 99.94729218537785 99.58783759471821 
99.14266826406285 100.52483545790733 99.94720535160074 99.8807 
99.3671 100.52575472409542 99.9471618619871 99.88081625829464 
